[gd_scene load_steps=17 format=3 uid="uid://7kgpq6snjnt4"]

[ext_resource type="PackedScene" uid="uid://b1bjptgce3el1" path="res://assets/models/viewmodels/smg/tool_smg.gltf" id="1"]
[ext_resource type="Script" path="res://assets/scripts/tool/weapons/states/WepInitState.gd" id="2"]
[ext_resource type="Script" path="res://assets/scripts/tool/Tool.gd" id="2_av717"]
[ext_resource type="AnimationNodeStateMachine" uid="uid://ds0l2vgwap055" path="res://assets/animation_trees/tool_smg.tres" id="3"]
[ext_resource type="PackedScene" path="res://assets/scenes/debug_ball.tscn" id="4"]
[ext_resource type="Script" path="res://assets/scripts/tool/weapons/states/WepIdleState.gd" id="5"]
[ext_resource type="Script" path="res://assets/scripts/tool/weapons/AmmoManager.gd" id="6"]
[ext_resource type="Script" path="res://assets/scripts/StateManager.gd" id="7"]
[ext_resource type="Texture2D" uid="uid://b6nau0bu864yv" path="res://assets/textures/spray_patterns/test_pattern.png" id="9"]
[ext_resource type="Script" path="res://assets/scripts/tool/weapons/states/WepFireHitscanState.gd" id="10"]
[ext_resource type="Script" path="res://assets/scripts/tool/weapons/states/WepReloadClipState.gd" id="11"]
[ext_resource type="Script" path="res://assets/scripts/tool/weapons/tool_smg_controller.gd" id="11_od24c"]
[ext_resource type="Script" path="res://assets/scripts/tool/weapons/WeaponManifest.gd" id="13_xot0l"]

[sub_resource type="AnimationNodeTimeScale" id="AnimationNodeTimeScale_1j0w8"]

[sub_resource type="AnimationNodeBlendTree" id="AnimationNodeBlendTree_232ky"]
graph_offset = Vector2(-244, 81)
nodes/AnimationNodeStateMachine/node = ExtResource("3")
nodes/AnimationNodeStateMachine/position = Vector2(-160, 120)
nodes/TimeScale/node = SubResource("AnimationNodeTimeScale_1j0w8")
nodes/TimeScale/position = Vector2(137, 201)
node_connections = [&"output", 0, &"TimeScale", &"TimeScale", 0, &"AnimationNodeStateMachine"]

[sub_resource type="AnimationNodeStateMachinePlayback" id="AnimationNodeStateMachinePlayback_sjnxh"]

[node name="tool_smg" instance=ExtResource("1")]
script = ExtResource("2_av717")

[node name="shoulderL" parent="metarig" index="0"]
transform = Transform3D(-0.792184, 0.331569, 0.512354, 0.163128, -0.693944, 0.701307, 0.588076, 0.639144, 0.495643, 0.0777545, 1.6051, -0.2397)

[node name="upper_armL" parent="metarig/shoulderL" index="0"]
transform = Transform3D(-0.177051, 0.0456082, 0.983144, -0.107973, 0.991996, -0.0654633, -0.978261, -0.117744, -0.170709, 0.00779153, 0.200791, -0.0203851)

[node name="forearmL" parent="metarig/shoulderL/upper_armL" index="0"]
transform = Transform3D(0.999958, -0.0088081, -0.0025064, 0.00882046, 0.999949, 0.00496516, 0.00246254, -0.00498706, 0.999984, -1.71771e-07, 0.273427, -7.45058e-09)

[node name="handL" parent="metarig/shoulderL/upper_armL/forearmL" index="0"]
transform = Transform3D(-0.982695, 0.109057, -0.149723, 0.181969, 0.719401, -0.670336, 0.0346056, -0.68598, -0.726797, -1.4453e-07, 0.26629, -3.72529e-09)

[node name="palm01L" parent="metarig/shoulderL/upper_armL/forearmL/handL" index="0"]
transform = Transform3D(-0.0797786, 0.00391826, 0.996805, 0.14721, 0.989074, 0.007894, -0.985883, 0.14737, -0.0794837, -0.00295598, 0.0506437, 0.0229851)

[node name="f_index01L" parent="metarig/shoulderL/upper_armL/forearmL/handL/palm01L" index="0"]
transform = Transform3D(0.988043, 0.147599, 0.0445515, -0.124066, 0.932718, -0.338593, -0.0915298, 0.329018, 0.939877, 1.25729e-08, 0.069626, 3.4594e-08)

[node name="f_index02L" parent="metarig/shoulderL/upper_armL/forearmL/handL/palm01L/f_index01L" index="0"]
transform = Transform3D(0.999896, 0.00500429, -0.013485, -0.00703627, 0.987868, -0.155133, 0.012545, 0.155212, 0.987802, 8.73115e-09, 0.04504, -7.2032e-09)

[node name="f_index03L" parent="metarig/shoulderL/upper_armL/forearmL/handL/palm01L/f_index01L/f_index02L" index="0"]
transform = Transform3D(0.997688, 0.0639485, -0.0229993, -0.0674964, 0.971835, -0.225791, 0.0079125, 0.226821, 0.973904, -1.40462e-08, 0.0282235, -3.73147e-08)

[node name="thumb01L" parent="metarig/shoulderL/upper_armL/forearmL/handL/palm01L" index="1"]
transform = Transform3D(-0.15397, -0.210159, 0.965467, 0.397025, 0.881608, 0.255222, -0.904801, 0.422611, -0.0523025, -0.00633364, -0.00897163, 0.0245146)

[node name="thumb02L" parent="metarig/shoulderL/upper_armL/forearmL/handL/palm01L/thumb01L" index="0"]
transform = Transform3D(0.988866, 0.133763, -0.0652081, -0.145805, 0.958544, -0.244813, 0.0297578, 0.251595, 0.967375, 4.81668e-08, 0.0415543, -3.88827e-08)

[node name="thumb03L" parent="metarig/shoulderL/upper_armL/forearmL/handL/palm01L/thumb01L/thumb02L" index="0"]
transform = Transform3D(0.996599, 0.0823574, 0.00275365, -0.0822232, 0.996073, -0.0328353, -0.00544706, 0.0324972, 0.999457, -1.17987e-07, 0.0334465, 4.65661e-10)

[node name="palm02L" parent="metarig/shoulderL/upper_armL/forearmL/handL" index="1"]
transform = Transform3D(-0.0643814, -0.0178841, 0.997765, 0.0617643, 0.997851, 0.021871, -0.996012, 0.0630343, -0.0631385, -0.00657724, 0.0531474, 0.00633791)

[node name="f_middle01L" parent="metarig/shoulderL/upper_armL/forearmL/handL/palm02L" index="0"]
transform = Transform3D(0.997789, 0.0645841, 0.0157028, -0.0519704, 0.905377, -0.421417, -0.0414338, 0.419669, 0.906731, -9.31323e-10, 0.0681871, -7.47095e-08)

[node name="f_middle02L" parent="metarig/shoulderL/upper_armL/forearmL/handL/palm02L/f_middle01L" index="0"]
transform = Transform3D(0.99696, 0.0156462, -0.0763272, -0.033196, 0.971565, -0.234436, 0.0704888, 0.236257, 0.96913, -7.45058e-09, 0.0495406, 9.91859e-08)

[node name="f_middle03L" parent="metarig/shoulderL/upper_armL/forearmL/handL/palm02L/f_middle01L/f_middle02L" index="0"]
transform = Transform3D(0.998385, 0.0378765, -0.0423438, -0.0425573, 0.992367, -0.115747, 0.0376365, 0.117363, 0.992376, 1.86265e-09, 0.032196, -7.7358e-08)

[node name="palm03L" parent="metarig/shoulderL/upper_armL/forearmL/handL" index="2"]
transform = Transform3D(-0.0271679, -0.0483763, 0.99846, -0.067059, 0.996666, 0.0464648, -0.997379, -0.0656934, -0.0303214, -0.00692837, 0.0511597, -0.00914972)

[node name="f_ring01L" parent="metarig/shoulderL/upper_armL/forearmL/handL/palm03L" index="0"]
transform = Transform3D(0.999775, 0.00116556, -0.0211875, -0.0124499, 0.840791, -0.541217, 0.0171835, 0.541359, 0.840616, -7.21775e-09, 0.0697975, 1.35275e-07)

[node name="f_ring02L" parent="metarig/shoulderL/upper_armL/forearmL/handL/palm03L/f_ring01L" index="0"]
transform = Transform3D(0.998272, 0.0381624, -0.0446835, -0.0443549, 0.988142, -0.147, 0.0385437, 0.148727, 0.988127, 1.86265e-09, 0.0448165, -1.46683e-08)

[node name="f_ring03L" parent="metarig/shoulderL/upper_armL/forearmL/handL/palm03L/f_ring01L/f_ring02L" index="0"]
transform = Transform3D(0.993887, 0.0593151, -0.0931095, -0.0852641, 0.948169, -0.306114, 0.0701264, 0.312182, 0.94743, -3.72529e-09, 0.0318009, -8.05594e-08)

[node name="palm04L" parent="metarig/shoulderL/upper_armL/forearmL/handL" index="3"]
transform = Transform3D(-0.0529334, -0.0164643, 0.998462, -0.191693, 0.981436, 0.00602089, -0.980026, -0.19108, -0.0551068, -0.00562191, 0.0470708, -0.0240237)

[node name="f_pinky01L" parent="metarig/shoulderL/upper_armL/forearmL/handL/palm04L" index="0"]
transform = Transform3D(0.991778, -0.0535768, -0.116213, -0.0361723, 0.75373, -0.656188, 0.122749, 0.654997, 0.745595, 1.11759e-08, 0.0748022, -6.33299e-08)

[node name="f_pinky02L" parent="metarig/shoulderL/upper_armL/forearmL/handL/palm04L/f_pinky01L" index="0"]
transform = Transform3D(0.999243, 0.0314706, -0.0228853, -0.0333448, 0.995673, -0.0867419, 0.0200565, 0.0874394, 0.995968, -3.72529e-09, 0.0278765, 5.58794e-09)

[node name="f_pinky03L" parent="metarig/shoulderL/upper_armL/forearmL/handL/palm04L/f_pinky01L/f_pinky02L" index="0"]
transform = Transform3D(0.99909, 0.0274517, -0.0326332, -0.032659, 0.984627, -0.171591, 0.0274211, 0.172501, 0.984628, -3.72529e-09, 0.0225925, -1.86265e-08)

[node name="shoulderR" parent="metarig" index="1"]
transform = Transform3D(-0.723237, -0.0147977, 0.690441, 0.658393, -0.316526, 0.682883, 0.208437, 0.948468, 0.238666, -0.409737, 1.6364, -0.0498183)

[node name="upper_armR" parent="metarig/shoulderR" index="0"]
transform = Transform3D(-0.242847, -0.237281, -0.940597, 0.389105, 0.864376, -0.318513, 0.888607, -0.443341, -0.117584, -0.00779153, 0.200791, -0.0203854)

[node name="forearmR" parent="metarig/shoulderR/upper_armR" index="0"]
transform = Transform3D(0.671078, 0.729733, 0.130936, -0.741052, 0.654919, 0.148065, 0.0222955, -0.196393, 0.980272, 9.10368e-08, 0.273565, -2.98023e-08)

[node name="handR" parent="metarig/shoulderR/upper_armR/forearmR" index="0"]
transform = Transform3D(-0.553285, 0.0785472, 0.82928, -0.162491, 0.966242, -0.199932, -0.816989, -0.24537, -0.521844, 1.87691e-07, 0.267008, 3.72529e-09)

[node name="palm01R" parent="metarig/shoulderR/upper_armR/forearmR/handR" index="0"]
transform = Transform3D(-0.00399349, 0.184616, -0.982803, -0.0991393, 0.977895, 0.184097, 0.995064, 0.0981697, 0.0143975, 0.00501115, 0.0499263, 0.023399)

[node name="f_index01R" parent="metarig/shoulderR/upper_armR/forearmR/handR/palm01R" index="0"]
transform = Transform3D(0.998655, 0.0347681, -0.0384695, -0.0314799, 0.996051, 0.0830101, 0.0412038, -0.0816874, 0.995806, -1.90921e-08, 0.069626, -1.24426e-07)

[node name="f_index02R" parent="metarig/shoulderR/upper_armR/forearmR/handR/palm01R/f_index01R" index="0"]
transform = Transform3D(0.958646, 0.261774, -0.111679, -0.168447, 0.205592, -0.964032, -0.229398, 0.942978, 0.241185, 2.32831e-09, 0.0450486, 9.04547e-08)

[node name="f_index03R" parent="metarig/shoulderR/upper_armR/forearmR/handR/palm01R/f_index01R/f_index02R" index="0"]
transform = Transform3D(0.980753, 0.0764892, 0.179645, 0.0821294, 0.673105, -0.734972, -0.177137, 0.73558, 0.653868, 9.14588e-09, 0.0282179, -9.07576e-08)

[node name="thumb01R" parent="metarig/shoulderR/upper_armR/forearmR/handR/palm01R" index="1"]
transform = Transform3D(-0.961408, -0.00243062, -0.275115, -0.237499, 0.512107, 0.825433, 0.138882, 0.858918, -0.492921, 0.00350634, -0.00832416, 0.0243584)

[node name="thumb02R" parent="metarig/shoulderR/upper_armR/forearmR/handR/palm01R/thumb01R" index="0"]
transform = Transform3D(0.991295, -0.0829611, 0.102236, 0.128671, 0.445873, -0.885799, 0.0279025, 0.891243, 0.452666, 1.9616e-08, 0.0417447, -4.51691e-08)

[node name="thumb03R" parent="metarig/shoulderR/upper_armR/forearmR/handR/palm01R/thumb01R/thumb02R" index="0"]
transform = Transform3D(0.896938, 0.0961626, -0.431572, 0.0349285, 0.957603, 0.285965, 0.440774, -0.271567, 0.855552, 1.44413e-07, 0.0334465, 2.37487e-08)

[node name="palm02R" parent="metarig/shoulderR/upper_armR/forearmR/handR" index="1"]
transform = Transform3D(-0.00157483, 0.222328, -0.974971, -0.05508, 0.973472, 0.222076, 0.998481, 0.0540511, 0.0107128, 0.00757885, 0.052315, 0.00654047)

[node name="f_middle01R" parent="metarig/shoulderR/upper_armR/forearmR/handR/palm02R" index="0"]
transform = Transform3D(0.997916, -0.0634827, 0.0115458, 0.0501557, 0.650606, -0.757757, 0.0405927, 0.756757, 0.652434, 1.86265e-09, 0.068187, 9.8451e-08)

[node name="f_middle02R" parent="metarig/shoulderR/upper_armR/forearmR/handR/palm02R/f_middle01R" index="0"]
transform = Transform3D(0.996832, 0.0669154, 0.042988, 0.0382186, 0.0709935, -0.996744, -0.0697493, 0.99523, 0.0682112, 7.45058e-09, 0.0495491, -1.97906e-08)

[node name="f_middle03R" parent="metarig/shoulderR/upper_armR/forearmR/handR/palm02R/f_middle01R/f_middle02R" index="0"]
transform = Transform3D(0.977678, -0.194513, -0.0794314, 0.157968, 0.929777, -0.332507, 0.13853, 0.312538, 0.93975, 2.79397e-09, 0.0321911, -1.31316e-07)

[node name="palm03R" parent="metarig/shoulderR/upper_armR/forearmR/handR" index="2"]
transform = Transform3D(0.035824, 0.212574, -0.976488, 0.0751278, 0.973777, 0.21474, 0.99653, -0.0810542, 0.0189144, 0.00695213, 0.0502353, -0.00882547)

[node name="f_ring01R" parent="metarig/shoulderR/upper_armR/forearmR/handR/palm03R" index="0"]
transform = Transform3D(0.999792, 0.0076848, 0.0189117, 0.0110205, 0.576634, -0.816929, -0.0171831, 0.816967, 0.576429, -1.22236e-09, 0.069794, -8.89413e-08)

[node name="f_ring02R" parent="metarig/shoulderR/upper_armR/forearmR/handR/palm03R/f_ring01R" index="0"]
transform = Transform3D(0.998509, 0.00962259, 0.0537307, 0.0489124, 0.279239, -0.958975, -0.0242315, 0.960173, 0.278352, 1.86265e-09, 0.0448165, 6.23986e-08)

[node name="f_ring03R" parent="metarig/shoulderR/upper_armR/forearmR/handR/palm03R/f_ring01R/f_ring02R" index="0"]
transform = Transform3D(0.955656, -0.132213, 0.263136, 0.235599, 0.879343, -0.413822, -0.176675, 0.457467, 0.871499, 0, 0.0318009, -4.19095e-08)

[node name="palm04R" parent="metarig/shoulderR/upper_armR/forearmR/handR" index="3"]
transform = Transform3D(0.00905786, 0.199908, -0.979773, 0.198252, 0.960004, 0.197707, 0.980109, -0.196032, -0.0309365, 0.00470816, 0.0460385, -0.0236593)

[node name="f_pinky01R" parent="metarig/shoulderR/upper_armR/forearmR/handR/palm04R" index="0"]
transform = Transform3D(0.991778, 0.0653998, 0.109994, 0.0361721, 0.681217, -0.731187, -0.122749, 0.729154, 0.673251, -7.45058e-09, 0.0748024, 8.83883e-08)

[node name="f_pinky02R" parent="metarig/shoulderR/upper_armR/forearmR/handR/palm04R/f_pinky01R" index="0"]
transform = Transform3D(0.999243, -0.00416694, 0.0386884, 0.0333452, 0.604156, -0.796168, -0.0200562, 0.796855, 0.603838, 7.45058e-09, 0.0278764, -4.56348e-08)

[node name="f_pinky03R" parent="metarig/shoulderR/upper_armR/forearmR/handR/palm04R/f_pinky01R/f_pinky02R" index="0"]
transform = Transform3D(0.995269, -0.0936858, 0.0257306, 0.0967409, 0.931217, -0.351393, 0.00895971, 0.35222, 0.935875, 1.78698e-08, 0.0225925, 2.6077e-08)

[node name="smg_root" parent="metarig" index="2"]
transform = Transform3D(0.991841, -0.103055, -0.0750449, -0.103786, -0.994582, -0.00589835, -0.0740305, 0.0136388, -0.997163, -0.325801, 1.36147, 0.639705)

[node name="smg_magazine" parent="metarig/smg_root" index="1"]
transform = Transform3D(0.999882, -7.73386e-08, 0.015368, 2.20111e-08, 1, 3.60034e-06, -0.015368, -3.59958e-06, 0.999882, -7.03535e-10, 0.191847, -0.00336706)

[node name="smg_trigger001" parent="metarig/smg_root" index="2"]
transform = Transform3D(-0.000231662, 1.44667e-07, 1, -0.999969, -0.00793477, -0.000231653, 0.00793477, -0.999969, 1.98285e-06, -2.96084e-08, -0.120113, 0.124187)

[node name="smg_trigger002" parent="metarig/smg_root/smg_trigger001" index="0"]
transform = Transform3D(0.999969, -0.00793689, -5.73001e-07, 0.00793689, 0.999969, 1.83424e-06, 5.58425e-07, -1.83873e-06, 1, -6.98567e-09, 0.0619709, -2.08973e-11)

[node name="smg_trigger003" parent="metarig/smg_root/smg_trigger001/smg_trigger002" index="0"]
transform = Transform3D(1, 4.25965e-10, -1.19209e-07, -4.25965e-10, 1, 1.16826e-13, 1.19209e-07, -1.16775e-13, 1, 1.63948e-10, 0.134406, 1.12571e-11)

[node name="ik_target_l" parent="metarig" index="3"]
transform = Transform3D(0.403097, 0.737309, 0.542115, 0.500245, -0.673563, 0.544121, 0.766334, 0.0518571, -0.640346, 0.264002, 1.01426, 0.231348)

[node name="ik_target_r" parent="metarig" index="5"]
transform = Transform3D(-0.966221, 0.230471, 0.115322, 0.140783, 0.0972198, 0.985255, 0.215861, 0.96821, -0.126382, -0.366213, 1.31977, 0.563112)

[node name="Bone" parent="metarig" index="7"]
transform = Transform3D(0.991841, -0.0750442, 0.103054, -0.103785, -0.00589869, 0.994582, -0.0740298, -0.997163, -0.013639, -0.320216, 1.42507, 0.793676)

[node name="AnimationTree" type="AnimationTree" parent="." index="2"]
tree_root = SubResource("AnimationNodeBlendTree_232ky")
anim_player = NodePath("../AnimationPlayer")
active = true
parameters/AnimationNodeStateMachine/playback = SubResource("AnimationNodeStateMachinePlayback_sjnxh")
parameters/AnimationNodeStateMachine/conditions/Rel = false
parameters/AnimationNodeStateMachine/conditions/pFire = false
parameters/TimeScale/scale = 1.0

[node name="StateManager" type="Node" parent="." index="3"]
script = ExtResource("7")

[node name="WepInitState" type="Node" parent="StateManager" index="0" node_paths=PackedStringArray("manifest", "stateManager")]
script = ExtResource("2")
manifest = NodePath("../../Manifest")
stateIdentifier = "Init"
stateManager = NodePath("..")

[node name="WepIdleState" type="Node" parent="StateManager" index="1" node_paths=PackedStringArray("manifest", "stateManager")]
script = ExtResource("5")
manifest = NodePath("../../Manifest")
stateIdentifier = "Idle"
stateManager = NodePath("..")

[node name="WepFireHitscanState" type="Node" parent="StateManager" index="2" node_paths=PackedStringArray("manifest", "stateManager")]
script = ExtResource("10")
debug = ExtResource("4")
hitscanRange = 400.0
primaryFirePattern = ExtResource("9")
idleState = "Idle"
animSpeedProperty = "parameters/TimeScale/scale"
fireAnimLength = 0.083
fullAuto = true
RPS = 20.0
animPropFirePrimary = "parameters/AnimationNodeStateMachine/conditions/pFire"
manifest = NodePath("../../Manifest")
stateIdentifier = "Fire"
stateManager = NodePath("..")

[node name="WepReloadClipState" type="Node" parent="StateManager" index="3" node_paths=PackedStringArray("stateManager")]
script = ExtResource("11")
stateIdentifier = "Reload"
stateManager = NodePath("..")

[node name="StateController" type="Node" parent="StateManager" index="4" node_paths=PackedStringArray("animationTree")]
script = ExtResource("11_od24c")
animationTree = NodePath("../../AnimationTree")
fireProp = "parameters/AnimationNodeStateMachine/conditions/pFire"
reloadProp = "parameters/AnimationNodeStateMachine/conditions/Rel"

[node name="AmmoManager" type="Node" parent="." index="4"]
script = ExtResource("6")
rCapacity = 30
rLoaded = 30
rStashed = 999999999999999

[node name="Manifest" type="Node" parent="." index="5" node_paths=PackedStringArray("ammoManager", "animationTree", "owningTool")]
script = ExtResource("13_xot0l")
ammoManager = NodePath("../AmmoManager")
animationTree = NodePath("../AnimationTree")
owningTool = NodePath("..")
